0.5473382524581895 1.050849123250202 -1
0.7271387662918697 0.8582570859368847 -1
-0.39067875542309083 0.9151219853081268 -1
0.13249122321540727 0.3256172302795635 1
1.2214104869389206 -0.007791962731618973 -1
0.9767263368903595 0.2584798021711755 -1
-0.9268862796961833 0.4473062491802995 -1
2.140887451262407 0.47857211527882565 1
0.46656956927780796 -0.1536128165767579 1
-0.8913193945519637 0.39680862768492453 -1
0.1532831879432653 0.1217701641983678 1
-0.14793095258801356 0.9122845873081403 -1
1.4930999402203513 -0.502680119657964 1
0.5197396799621086 -0.46328520026021236 1
1.0933926817950332 0.026733613446392475 -1
0.09790269474373571 0.606116819400226 1
2.0014207311953083 0.40715642357692017 1
0.04192827013513151 0.5253405765857266 1
-0.43706355509062944 0.6524768614516652 -1
1.7279182193812113 -0.19567999135555988 1
1.3298077698579374 -0.5818490222763182 1
1.7436649303990062 -0.12299552967811646 1
-0.5948012550182324 0.8859462912282339 -1
0.28987312499916995 0.903818124226822 -1
0.24069430864180957 1.1515698153772225 -1
0.012864817427117037 0.16097724529529628 1
-1.0276127661682146 0.10428337196659362 -1
-0.5143564470434184 0.8449947285053115 -1
0.7680703522616791 0.5517764870506378 -1
-0.5282294156763522 0.9002038983681504 -1
0.8016543296552379 -0.3610530476571171 1
1.2146543444309024 0.48601039091417175 -1
1.9505501351189856 0.13761887237586365 1
0.16602385162414043 0.10694910858814766 1
1.133515868444331 -0.4986111891161005 1
1.229847460909011 -0.5631932951353301 1
1.0568016696890254 -0.4221188039286413 1
0.17516821537774124 0.9962631489747492 -1
-0.05313693103936332 1.201476137956922 -1
-0.4235488352585617 0.9871305454048039 -1
-0.14001551970421042 0.38034532238234897 1
0.4014329657816981 -0.2751260164994361 1
0.6054897412738007 0.8190195884198723 -1
0.7360964209022659 -0.5119932103737287 1
-0.5192532627068251 0.7705869960833681 -1
1.5522757457017553 -0.09853652306807356 1
-0.03220977949791834 0.4028286357509955 1
0.23823312128943913 1.1025670753827552 -1
0.5564429929818693 -0.4643530956431537 1
-0.9020828284934591 0.14277120835793344 -1
0.8254065910611827 0.385595617852407 -1
0.8457645150702581 -0.6636907928421506 1
1.4388332571947968 -0.3829782835983621 1
-0.05312239313152414 1.0373687935200473 -1
0.06254119021110888 0.9810124904259324 -1
0.38500511353130656 -0.16857158432966124 1
1.045677357834985 -0.6243307126156559 1
-0.34169054036790625 0.9847070721657967 -1
-0.6170580217177603 0.8288399076174005 -1
-0.7785100428194912 0.6055862931439713 -1
1.0091536234128655 0.08524515722078173 -1
-0.8879051834819306 0.23056687053055958 -1
0.993626602633647 0.5791049814462522 -1
0.26987462268284246 -0.298099360324497 1
0.06456723816056095 0.11511353097626917 1
1.939089113774466 0.08803904268017143 1
-0.17646800792408382 0.9681565746263907 -1
2.0026599631671456 0.3977828455563053 1
1.384610360246037 -0.3065943765936983 1
1.8516845501397523 0.42095907613721967 1
0.7640156692119847 0.3370374080430975 -1
2.0559291321134863 -0.061594881701188375 1
-0.7872248249570931 0.43162506620118707 -1
-0.9575524569085471 0.18496221095574614 -1
-0.8118331593658593 0.330995139875456 -1
0.06170625804570935 0.8711528740764323 -1
0.9938625145147789 -0.6501679634657518 1
0.0008813854351311795 0.3923252537357318 1
0.587354637707506 0.9523424715795514 -1
0.16355878471592983 -0.08932395121027978 1
0.30270252339522874 -0.38908585268394 1
1.8882143071025594 0.056391364648556236 1
1.845383295007327 0.602207647370219 1
0.2977100825615386 -0.20020883166128745 1
0.825310475562741 0.5053058645171854 -1
0.5617394290346346 -0.2723330695319747 1
0.7605648031377903 -0.38152303466189996 1
0.5093627570075916 0.7127693532635261 -1
-1.0153823264743718 -0.011559970833001289 -1
0.9536310333028237 0.21599880020575957 -1
-0.6860065028401896 0.0935430668886666 -1
1.0021559153115032 0.792909883099228 -1
1.7532329317423352 -0.3466793085779673 1
1.852259877129369 -0.1599283683599773 1
1.5844547662720323 -0.27783476019752607 1
0.36023370442473773 1.0437292652575398 -1
1.9409225509809849 0.11128297694025203 1
-0.6915410293947978 0.6090791495404148 -1
1.2151523123026682 -0.4747638940939414 1
0.8530589522316625 0.4674374809824684 -1
